Smokes(B): 0.5399148845555657
Smokes(C): 0.5399148845555657
