Smokes(Frank): 0.6412813260614184
Smokes(Bob): 0.5451094609093166
Smokes(Gary): 0.4454504373576131
Smokes(Helen): 0.4454504373576131
